# strain_z sxx syy szz (GPa)
1.05601162723159e-15 0.232139102714979 0.185696068034281 0.35594635979534
-9.9999999998926e-05 -0.181928721017129 -0.145429644780528 0.0380136716256873
-0.000199999999998908 0.257316642423353 0.240792608578121 0.377094246362667
-0.00029999999999889 -0.166641142344241 -0.191733739082389 0.0278993731037495
-0.000399999999998872 0.0484884688058979 0.100962227999532 0.100977871678074
-0.000499999999998854 -0.0265619889864035 -0.0125345845427871 0.0516707724869458
-0.000599999999998836 -0.199829937917024 -0.116096693335887 -0.0775741015627433
-0.000699999999998818 0.00686462183715223 0.0507285171404831 0.11798939541995
-0.0007999999999988 -0.0643979706326044 -0.0814433416474684 -0.0118359726381882
-0.000899999999998933 0.0846959841182745 0.089811631234006 0.0982005079359667
-0.000999999999998915 0.0186113006672655 0.0243797290195544 0.0570361979337687
-0.0010999999999989 -0.0742442483691881 -0.0238866137397575 -0.01044504004866
-0.00119999999999888 -0.0300606614303946 0.00900492166614546 0.00901910695126724
-0.00129999999999886 0.116012113662399 0.0836800739249097 0.0682595264669094
-0.00139999999999884 -0.0323225651316324 0.00478130417791953 0.0379135879226121
-0.00149999999999883 0.0976436476995759 0.0872864737046408 0.0332112477266677
-0.00159999999999881 -0.152923914560189 -0.210803381953228 -0.20996542113529
-0.00169999999999894 0.158567005014481 0.176965482985587 0.0817516252600341
-0.00179999999999892 -0.212930861650402 -0.162012501053623 -0.188670837574003
-0.0018999999999989 0.151686868708727 0.209549072987355 0.0329155663067418
-0.00199999999999889 -0.165135942752832 -0.252222200440402 -0.25217130448243
-0.00209999999999887 -0.00461751713120408 0.19743400512003 -0.0138119753643375
-0.00219999999999885 0.112183010055779 0.0480145491104452 -0.121294919809056
-0.00229999999999883 -0.0623694448650879 -0.193582797565052 -0.271274709372402
-0.00239999999999882 0.149509965236551 0.26649500659188 -0.00823132612420111
-0.0024999999999988 -0.263505820997786 -0.236573284279695 -0.335926190208843
-0.00259999999999893 0.392454080531667 0.218556643569694 -0.0357843739225682
-0.00269999999999891 -0.305341900080872 -0.306433669075839 -0.444417531460684
-0.00279999999999889 0.253103176662109 0.347505245530858 0.00799031973906984
-0.00289999999999888 -0.24698476414976 -0.392877368122803 -0.533812483252135
-0.00299999999999886 0.257428777780865 0.203021033710887 -0.058029281540346
-0.00309999999999884 -0.200836917274116 -0.078289047050629 -0.34476404341467
-0.00319999999999882 0.0642558656309555 0.0086663553214493 -0.242321456580521
-0.0032999999999988 0.11374910070777 0.0368056280118563 -0.211651743234301
-0.00339999999999894 -0.226234246770314 -0.0739283973096282 -0.423014987104882
-0.00349999999999892 0.190171413006586 0.19518929854801 -0.190991553631092
-0.0035999999999989 -0.110850634731063 -0.218931784443789 -0.507345657104007
-0.00369999999999888 0.169579755771903 0.30448520254429 -0.185896182386652
-0.00379999999999887 -0.246642715163735 -0.227069864624418 -0.521858285547654
-0.00389999999999885 0.291989231007384 0.0782094545811724 -0.185931647509134
-0.00399999999999883 -0.289632555544278 -0.133751260355366 -0.583101851152658
-0.00409999999999881 0.0823302973660962 0.235325589280088 -0.21945432800477
-0.00419999999999895 -0.0392612642179488 -0.269512758471633 -0.483061650853706
-0.00429999999999893 0.126519157955583 0.191850734565914 -0.33091935541414
-0.00439999999999891 -0.225338086186942 -0.0357850976669385 -0.54411644932349
-0.00449999999999889 0.227707374652372 0.100564265586989 -0.330810058991215
-0.00459999999999887 -0.0674386545829848 -0.0965455445237099 -0.509180321029214
-0.00469999999999886 -0.083799034436601 0.11015836847007 -0.424547051395975
-0.00479999999999884 0.0256640490104662 -0.086014008730112 -0.493722270143319
-0.00489999999999882 -0.0811016678564787 -0.146626896659202 -0.630100237445712
-0.0049999999999988 0.0761073296913302 0.177906276101631 -0.475097113133918
-0.00509999999999893 -0.228113130558579 -0.249736227950953 -0.738121418538696
-0.00519999999999892 0.276142868311759 0.150891166125633 -0.362399371860858
-0.0052999999999989 -0.165959209334144 -0.0403423475214278 -0.641696913710664
-0.00539999999999888 0.144391187246098 0.194031616955692 -0.383673182714708
-0.00549999999999886 0.0143394997598268 -0.217098351611114 -0.654040582947073
-0.00559999999999884 0.0139893918808646 0.0752631345084064 -0.528600037933218
-0.00569999999999883 -0.0717030055618071 0.122116812315598 -0.586038402645916
-0.00579999999999881 -0.0733295875062238 -0.182363594739926 -0.715065605769719
-0.00589999999999894 0.0108872985890678 -0.0396379299369476 -0.639839305629523
-0.00599999999999892 -0.108458826144329 0.116961284870277 -0.647160551698593
-0.00609999999999891 0.111450808818119 -0.108490482295183 -0.623295762682089
-0.00619999999999889 -0.0228739331015886 -0.0972720637047401 -0.661902696654942
-0.00629999999999887 -0.00782234271250984 0.211011970721412 -0.623632863211901
-0.00639999999999885 0.0616719790102142 0.0113090192819179 -0.624411541250929
-0.00649999999999883 0.146636734517391 0.0715775326465485 -0.619718140914081
-0.00659999999999882 -0.183747934895136 -0.0509784208748697 -0.780001170158723
-0.00669999999999895 0.101324509339679 0.0323106708989866 -0.679549726326894
-0.00679999999999893 -0.00470460602332835 -0.000903148652057474 -0.771249657790691
-0.00689999999999891 0.00787405069286297 0.0236184578324436 -0.719379280179243
-0.0069999999999989 0.104343944710209 0.00946409004752094 -0.722326745022255
-0.00709999999999888 0.0544495138917364 0.0371725020926784 -0.744208263316579
-0.00719999999999886 0.021653127437319 -0.0042290779379352 -0.763058714546149
-0.00729999999999884 -0.00872614992015371 0.0488818677500713 -0.814665101056961
-0.00739999999999882 0.0507039190138569 0.00422195481943687 -0.777417877066192
-0.00749999999999896 -0.0700092073481328 -0.0612171147817639 -0.922874131258283
-0.00759999999999894 0.124699608745372 0.0277869623754546 -0.711126213459965
-0.00769999999999892 -0.053219159119875 -0.0565117497121 -0.847085309478772
-0.0077999999999989 -0.0866467463396491 -0.0885270562599144 -0.95664288632233
-0.00789999999999889 -0.063004388969579 -0.053158808646955 -0.976174913013277
-0.00799999999999887 0.0683019088836404 0.103531514559821 -0.863981007133503
-0.00809999999999885 -0.0434948791221779 -0.06057836911465 -0.93606694285588
-0.00819999999999883 0.0296147665832938 -0.0155148121263868 -0.886334230016267
-0.00829999999999881 -0.0890718582036444 -0.0180277306333837 -0.960422928834238
-0.00839999999999895 -0.0118973005907327 0.0135165511111468 -0.923166927949236
-0.00849999999999893 0.136469563031638 0.0677420566767909 -0.923105997177784
-0.00859999999999891 -0.047973639947785 -0.0778903836226625 -1.05175792123767
-0.00869999999999889 0.0761567835397144 0.22496583251344 -0.846462371748338
-0.00879999999999887 0.0880651141932872 0.0633601873069324 -0.963172107043299
-0.00889999999999886 -0.166384460136904 -0.320705346174836 -1.14696012203904
-0.00899999999999884 0.168457951279823 0.34109114348633 -0.796339461437099
-0.00909999999999882 -0.254062611363134 -0.211695435682916 -1.23458647024448
-0.00919999999999895 0.373444649553028 0.0926410178763997 -0.826225323539114
-0.00929999999999894 -0.167702637426836 -0.0498268710167342 -1.09983515338454
-0.00939999999999892 -0.1062608440808 0.114918767531079 -1.09909341350383
-0.0094999999999989 0.237109587555688 -0.121639000350381 -0.963409718960067
-0.00959999999999888 -0.276449658934436 -0.27364327377433 -1.23697529241886
-0.00969999999999886 -0.0242531296693037 0.32083726453532 -0.968476042349643
-0.00979999999999885 -0.0108289096002434 -0.317128779941866 -1.23330282366081
-0.00989999999999883 0.20320334190482 0.0934865347597644 -1.01454942486707
-0.00999999999999881 -0.114885806644676 0.188894018016432 -1.07293373150826
-0.0100999999999989 -0.086642902096888 -0.217884269472828 -1.2384244699544
-0.0101999999999989 0.0808228623174545 -0.123250327155559 -1.10425183144122
-0.0102999999999989 -0.150771529210242 0.0596329712996882 -1.12490816880777
-0.0103999999999989 0.109872558202894 0.0770161447896126 -1.06597969772142
-0.0104999999999989 0.130638044304914 -0.0474158759875103 -1.15242011523791
-0.0105999999999989 0.0040646094020324 0.0994827039029606 -1.1615606226556
-0.0106999999999988 -0.0916693994408535 0.0303731646403057 -1.24243627644285
-0.0107999999999988 0.159078049506821 0.0602482342143493 -1.17372027804805
-0.010899999999999 0.0359110616634159 0.0598645583631035 -1.19724462628831
-0.0109999999999989 -0.104648801308714 0.0227511059372136 -1.22000199757817
-0.0110999999999989 0.0945791832786359 0.00135782441193432 -1.18016658066501
-0.0111999999999989 -0.0716249566252126 -0.0643853134986921 -1.33106231868193
-0.0112999999999989 -0.0373500864823983 0.067761731723213 -1.26492488797886
-0.0113999999999989 0.0530770127398058 -0.032507227151748 -1.24486484617845
-0.0114999999999988 0.177824276622152 0.0926088959547487 -1.1630326510836
-0.0115999999999988 -0.160256910443316 -0.0754513340814826 -1.39101914764519
-0.011699999999999 0.104350325206865 0.150087944791372 -1.17896741820547
-0.0117999999999989 -0.0367970191548576 -0.153372339052854 -1.35519982773324
-0.0118999999999989 -0.0516580023676914 0.0458290311768676 -1.33269331469754
-0.0119999999999989 -0.00879252763316254 0.00546667787911925 -1.26404244446641
-0.0120999999999989 -0.0515576172117045 -0.149851022750522 -1.45786323901172
-0.0121999999999989 0.170472461052732 0.249856820091348 -1.19192307411326
-0.0122999999999989 -0.263766461681016 -0.215137556836138 -1.55533500661296
-0.0123999999999988 0.217929221904402 0.204550659781711 -1.21046169749761
-0.0124999999999988 -0.00985136988473257 -0.0717427364868569 -1.3762820882158
-0.0125999999999989 -0.0954002387038875 -0.027225584926057 -1.422901107402
-0.0126999999999989 0.0106363929562602 0.0421520125795141 -1.37770874601203
-0.0127999999999989 -0.111012476235173 -0.172411784543487 -1.49681802447186
-0.0128999999999989 0.269887632321509 0.334462691062083 -1.22014477664275
-0.0129999999999989 -0.190624891553036 -0.194793756324308 -1.62516247299707
-0.0130999999999989 0.248613689943492 0.0666690254626384 -1.32918607296683
-0.0131999999999988 -0.0707949131420422 -0.017104524000955 -1.43133483047766
-0.0132999999999988 -0.167519476787241 -0.0880539955580327 -1.60954653146034
-0.013399999999999 0.338171835047006 0.163496290219085 -1.29795990273136
-0.0134999999999989 -0.33655888418645 -0.29121439521985 -1.68131168862801
-0.0135999999999989 0.246913278017538 0.373560712594671 -1.22334208210112
-0.0136999999999989 -0.137736735821837 -0.19157165097492 -1.6522475530504
-0.0137999999999989 -0.00835053621608529 -0.0584282124541037 -1.5485600297251
-0.0138999999999989 0.120426818905832 0.203854103900516 -1.37442350794695
-0.0139999999999988 -0.0921289074390003 -0.210827088628327 -1.64936967458385
-0.0140999999999988 0.132004266924057 0.0866017198022067 -1.46005497000705
-0.014199999999999 -0.262522331496141 -0.182565715840797 -1.72210286099725
-0.0142999999999989 0.157017530439309 0.12596465943999 -1.427760662089
-0.0143999999999989 -0.12350791400434 -0.192366021860738 -1.67811820197535
-0.0144999999999989 -0.0240585601291002 0.0797186453597486 -1.6027294092561
-0.0145999999999989 0.0526228162120465 0.0717702458930613 -1.52136999841626
-0.0146999999999989 -0.0518447933567925 -0.135549432819833 -1.70077166788313
-0.0147999999999989 -0.00602789833759737 0.12275832416247 -1.53853256573497
-0.0148999999999988 -0.125217096095513 -0.0793186874137215 -1.75864406689884
-0.0149999999999988 0.125611604624498 -0.0394217909284791 -1.56680924206655
-0.015099999999999 -0.132789251355342 -0.0266751740673755 -1.71587576745327
-0.0151999999999989 0.0962447556761675 0.180816475382646 -1.52185110146588
-0.0152999999999989 0.0086954385267082 -0.172530405584799 -1.72238606407235
-0.0153999999999989 0.080179780836223 0.143326624663924 -1.56731431803695
-0.0154999999999989 -0.0703186974106131 0.049638066229464 -1.74185297289757
-0.0155999999999989 -0.00873414127687073 -0.214956705997473 -1.78025173013427
-0.0156999999999988 0.132776292608089 0.0850177842036747 -1.63603590621297
-0.0157999999999988 -0.244848328063402 -0.0322910905582647 -1.85052044783397
-0.015899999999999 0.29610824648388 0.149536912356711 -1.55120044104393
-0.0159999999999989 0.0170999610835042 -0.104707769980603 -1.75713449425256
-0.0160999999999989 -0.198679502677944 0.12566477502448 -1.81000530499211
-0.0161999999999989 0.22569973334268 0.142070824393486 -1.59862396721812
-0.0162999999999989 -0.109288223783234 -0.201101797147738 -1.93342908249497
-0.0163999999999989 0.00306533019792426 0.236395978145472 -1.64785681372358
-0.0164999999999989 -0.147546892033441 -0.0945515708901274 -1.90479926176032
-0.0165999999999988 0.233939060531381 -0.00744773943074785 -1.68577845091306
-0.0166999999999988 -0.0501261661050612 0.042635282987579 -1.84075582749274
-0.0167999999999989 -0.37171348765819 -0.191988412108728 -2.02957402393849
-0.0168999999999989 0.383818063723223 0.122538110989584 -1.65573620266752
-0.0169999999999989 -0.215704361770101 -0.170093633859624 -1.95009022925966
-0.0170999999999989 -0.150877904009829 0.0867092441608214 -1.89913078347141
-0.0171999999999989 0.262287963186 0.0146427145209117 -1.80249458696087
-0.0172999999999989 -0.185076683870317 -0.295990255222213 -1.99451187991107
-0.0173999999999988 0.196454643240386 0.400198637531451 -1.61386245365528
-0.017499999999999 -0.171553914996024 -0.264219090559201 -2.07219843667321
-0.017599999999999 0.180951085793965 0.0449624033643478 -1.83030911521921
-0.0176999999999989 -0.0841339873853056 0.172529500446292 -1.86728299372817
-0.0177999999999989 -0.194218565440626 -0.0875683900911317 -2.09472957374992
-0.0178999999999989 0.209124178475035 0.0104577332189275 -1.79201268875013
-0.0179999999999989 -0.232480880209338 -0.0909955583001587 -1.99671247148501
-0.0180999999999989 0.0982914553365437 0.177397164135805 -1.84087245308089
-0.0181999999999988 0.0864767722758972 -0.105606114700988 -1.97957882621242
-0.0182999999999988 -0.207823627957079 -0.131647464125616 -2.10920238393475
-0.018399999999999 0.132428237282102 0.196791860601914 -1.85711653474856
-0.0184999999999989 -0.117444171230807 -0.244250375640867 -2.07845579155454
-0.0185999999999989 -0.0342911196012198 0.0198847338857274 -2.01922906896235
-0.0186999999999989 0.132785112256816 0.182901531435736 -1.90837186403931
-0.0187999999999989 -0.0494188638845406 -0.172104270640049 -2.14526171934555
-0.0188999999999989 0.0515075053583268 0.102457509234919 -1.98071425016603
-0.0189999999999989 -0.0129884206633523 0.114851743914702 -1.99304673714466
-0.0190999999999988 0.0442181867979532 0.00375882983366049 -2.01503700462854
-0.019199999999999 0.0405789465489626 -0.0552180619292038 -2.07864866647095
-0.019299999999999 -0.116262919443272 -0.00706093463863075 -2.0875407456853
-0.0193999999999989 0.0545781259398899 0.00233499849654299 -2.05747826776348
-0.0194999999999989 -0.0545076875866436 -0.107443993858363 -2.16018101101757
-0.0195999999999989 -0.004339050279829 0.0815236431368711 -2.06511344428085
-0.0196999999999989 0.0525907590587721 0.0449435591936205 -2.11871665585386
-0.0197999999999989 -0.0237228736372418 -0.163580932637919 -2.23078681606041
-0.0198999999999988 -0.00443663235686835 0.106591457261143 -2.06922437505563
-0.0199999999999988 0.0301761895841861 0.00662361906705569 -2.15646787955439
-0.020099999999999 -0.000256650845445338 -0.0701071701836402 -2.19151073029849
-0.0201999999999989 0.00296438643431789 0.0779179938259469 -2.11522407760751
-0.0202999999999989 -0.105949325088332 -0.0304656253797318 -2.28361966080992
-0.0203999999999989 0.183622874816035 0.0988220886872391 -2.03763842420926
-0.0204999999999989 0.10961654873663 0.0335369957833987 -2.14306797937735
-0.0205999999999989 -0.0511873265486543 0.0762635789199962 -2.17261409537828
-0.0206999999999989 0.128501498538927 0.0991484019005903 -2.12549501949985
-0.0207999999999988 -0.164910107456363 -0.19512055739804 -2.37743086691891
-0.020899999999999 0.159864376595779 0.231241310760576 -2.07003050895512
-0.020999999999999 -0.186841043332357 -0.185277753092713 -2.36802577637219
-0.0210999999999989 0.262561786004244 0.0734905279588781 -2.0942867940734
-0.0211999999999989 -0.0357641296025127 0.0944920039464573 -2.25815505503368
-0.0212999999999989 -0.16628813425325 -0.138606870481807 -2.36609496585963
-0.0213999999999989 0.277268682286261 0.119663503172543 -2.07536811524606
-0.0214999999999989 -0.282173147207068 -0.150380021059898 -2.45736591289343
-0.0215999999999988 0.123472219478457 0.250220579388288 -2.0543652094847
-0.0216999999999988 0.122468195180089 -0.127004101431159 -2.31050024262546
-0.021799999999999 -0.0736305507039697 -0.0869526209037624 -2.35714914740597
-0.0218999999999989 0.0686836505723347 0.243937843358356 -2.17993379349872
-0.0219999999999989 -0.123783562831532 -0.264696823595177 -2.49272797196951
-0.0220999999999989 0.141829306501942 -0.00114378137297003 -2.25147047044081
-0.0221999999999989 -0.173091541184656 0.11201951425349 -2.35676634503365
-0.0222999999999989 -0.0950700221017522 -0.209935763145625 -2.50728314476985
-0.0223999999999988 0.229895822856818 0.0969903222568595 -2.18323091636291
-0.0224999999999988 -0.418725204654676 -0.128075111048481 -2.58998814332451
-0.022599999999999 0.268518662585165 0.314968795789403 -2.18670337064446
-0.0226999999999989 0.0680035635705653 -0.145211390448766 -2.42946850434939
-0.0227999999999989 -0.122112679884794 0.070685420743145 -2.37696276177026
-0.0228999999999989 0.0928954323832368 0.110256974583556 -2.32008598739078
-0.0229999999999989 0.029562090781281 -0.142431837754004 -2.41539338131015
-0.0230999999999989 0.0151391381894682 0.144403514778861 -2.38338787510435
-0.0231999999999989 -0.177032644265261 -0.046657832930575 -2.54957146702846
-0.0232999999999988 0.221459241723304 0.137805204790571 -2.22933762320615
-0.023399999999999 -0.255255424908356 -0.253355335832667 -2.6266529913638
-0.023499999999999 -0.0382383718824972 0.103053419507916 -2.36753018964622
-0.0235999999999989 -0.0139760661059214 -0.0182826686001441 -2.45663461750054
-0.0236999999999989 -0.150089513849212 -0.205390171467406 -2.63398356144684
-0.0237999999999989 0.253087009052428 0.400998873362432 -2.16667567399275
-0.0238999999999989 -0.27999549533294 -0.35664446174944 -2.72110935974619
-0.0239999999999989 0.0668750972978912 0.0371615482938346 -2.40946368038897
-0.0240999999999988 0.0113150490539267 0.0858307161382707 -2.3911795056648
-0.024199999999999 -0.16761025805619 -0.192827748519627 -2.68989512149457
-0.024299999999999 0.213175346837789 0.231669417448339 -2.34020881682911
-0.0243999999999989 -0.194750891922737 -0.175368506981197 -2.64033777644228
-0.0244999999999989 0.00874866374235795 -0.0314363709688421 -2.49199057705886
-0.0245999999999989 0.0305837360142881 0.0199277073657985 -2.488206458933
-0.0246999999999989 -0.0972384057665941 -0.101383638413654 -2.57856059122162
-0.0247999999999989 0.171017617222915 0.16579046526186 -2.39143072728573
-0.0248999999999989 -0.0331808535390931 -0.0386745980652707 -2.57480549174604
-0.0249999999999988 -0.0722338342175927 -0.0784471829989074 -2.61120093139075
-0.025099999999999 0.0484365427784307 0.0536112982347081 -2.58590499717078
-0.0251999999999989 -0.0447995597734758 -0.0209621239206831 -2.63777873423025
-0.0252999999999989 0.123128618913553 0.110461929425575 -2.48937510893198
-0.0253999999999989 -0.135078008960059 -0.059241133659673 -2.63451652441396
-0.0254999999999989 0.0997347215061211 0.112875221433298 -2.53894513897414
-0.0255999999999989 -0.00541916346514519 -0.071501289589465 -2.64339419668492
-0.0256999999999989 -0.119069002361173 -0.0663823303593677 -2.68549221067471
-0.0257999999999988 0.0680302436607973 0.055256433306671 -2.59805827804947
-0.025899999999999 -0.135854882729582 -0.196491705678586 -2.77089236422835
-0.025999999999999 -0.0644227443056516 -0.0584910576913555 -2.71583305570088
-0.0260999999999989 0.00761099153492097 0.0459074976526636 -2.62597577313045
-0.0261999999999989 -0.00178617247725304 -0.13930407734134 -2.70460424712576
-0.0262999999999989 0.129896553372077 0.12286621051344 -2.60630014015701
-0.0263999999999989 -0.0619706193235029 0.0315400513264453 -2.73971074482613
-0.0264999999999989 0.0256121226755889 -0.158903098095655 -2.75508081659579
-0.0265999999999989 0.0249175184193876 0.102944748279131 -2.62062033172526
-0.0266999999999988 -0.0655103502080427 0.0339281801420443 -2.69264344211926
-0.026799999999999 -0.01478011507066 -0.166198232481868 -2.78956132948229
-0.0268999999999989 0.0693994753011781 0.134536371785961 -2.6391362586248
-0.0269999999999989 -0.130116331357828 -0.0233249835126878 -2.80592779445543
-0.0270999999999989 0.0898847847830261 -0.0468326629775395 -2.70121749778082
-0.0271999999999989 0.0237440474178355 0.0158091372238163 -2.70451767855269
-0.0272999999999989 -0.183770132916164 -0.0155449757234607 -2.83345005792527
-0.0273999999999989 0.0923299871083069 0.00646922842180345 -2.67338741900795
-0.027499999999999 -0.0170530837175252 -0.11767567851616 -2.74813339875995
-0.027599999999999 -0.34510766729587 -0.183069369604808 -2.93943727347583
-0.027699999999999 0.104520884766971 0.0543757284041182 -2.71795634811045
-0.0277999999999989 -0.0211931318602136 -0.188282222940104 -2.83944626653556
-0.0278999999999989 -0.112827931840903 0.121960351209625 -2.77136071478606
-0.0279999999999989 0.250296290171475 0.308838234136138 -2.57612534419207
-0.0280999999999989 -0.220996713361679 -0.452939733596461 -3.11876577359278
-0.0281999999999989 0.0296742416627666 0.168048238943529 -2.76948914827059
-0.0282999999999988 0.0361834394365936 0.133922716578485 -2.74421045168916
-0.0283999999999988 -0.182056838168833 -0.445394183887842 -3.09808705758053
-0.028499999999999 0.315736945581446 0.426914655441256 -2.50868277946645
-0.0285999999999989 -0.326257768524378 -0.122019430776694 -3.02040170935996
-0.0286999999999989 0.0870676722101247 -0.158529970254984 -2.92430322776157
-0.0287999999999989 0.368724712228231 0.357374545862617 -2.58256981271664
-0.0288999999999989 -0.459513170566718 -0.241351203598915 -3.22253677664137
-0.0289999999999989 0.104244755808461 -0.0366638169732844 -2.82367137670417
-0.0290999999999989 0.158307074495286 0.110179665982542 -2.74192788475841
-0.029199999999999 -0.199738728989999 -0.0625910406955458 -2.97362479774212
-0.029299999999999 0.163473770904943 0.0731963877584082 -2.84171291239514
-0.029399999999999 -0.0252315389032017 -0.0788907098844242 -2.93360229390516
-0.0294999999999989 -0.0938595277445029 0.000772334889894826 -2.96238335547917
-0.0295999999999989 0.101218761190914 0.120984640420622 -2.82601314698452
-0.0296999999999989 0.0139147370019705 -0.0447593576710302 -2.93271031198551
-0.0297999999999989 0.0365478804970441 0.0724948782647944 -2.91489565692795
-0.0298999999999989 0.056629945947489 0.0912265731337431 -2.85648179772147
-0.0299999999999988 -0.136284055813976 -0.270517385787256 -3.1662603334298
-0.030099999999999 0.070732560657513 0.119034850311022 -2.86532811466806
-0.030199999999999 -0.063184330872626 0.0235857871746355 -2.96891215580844
-0.0302999999999989 -0.0816241557504322 -0.165030980020528 -3.1220327618156
-0.0303999999999989 0.164730272960793 0.211560906411114 -2.79075494955852
-0.0304999999999989 -0.198660633944596 -0.165889226428809 -3.13144136636134
-0.0305999999999989 0.0853095934169409 0.0203573310784354 -2.99340884602897
-0.0306999999999989 0.191613091927432 0.220551963466729 -2.84318294331318
-0.0307999999999988 -0.368822406163037 -0.300417788580887 -3.29122674583156
-0.030899999999999 0.185549356765718 0.0866732549996049 -2.97776506752649
-0.030999999999999 0.0653021832618949 0.120446188260174 -2.94109298171022
-0.0310999999999989 -0.391550948326982 -0.308596475455986 -3.34600485855239
-0.0311999999999989 0.402897519649305 0.293523039001097 -2.71322929146318
-0.0312999999999989 -0.158938766791393 -0.102567423741759 -3.20350211708382
-0.0313999999999989 -0.21572453785481 -0.156985260823193 -3.20392166428711
-0.0314999999999989 0.389513172450937 0.247887473478607 -2.79930474399583
-0.0315999999999989 -0.364511474451368 -0.257683165212567 -3.27503123242524
-0.0316999999999988 0.132866790837289 0.190513747460777 -2.97441491928546
-0.031799999999999 0.211805559058126 0.16047147283115 -2.93829549651452
-0.031899999999999 -0.305745384048341 -0.330705578769496 -3.36431458685368
-0.0319999999999989 0.200899222580358 0.258461541027479 -2.97552642211142
-0.0320999999999989 0.0336051101796913 -0.0623489327658196 -3.11508767884164
-0.0321999999999989 -0.0835502466514781 -0.0995426464370285 -3.20772526143836
-0.0322999999999989 0.228445770139519 0.346820212100948 -2.82384961318377
-0.0323999999999989 -0.0561488263603145 -0.176858619989542 -3.25658409102084
-0.0324999999999988 -0.0140634346084705 -0.0318702853997631 -3.26014664823812
-0.032599999999999 0.145881496446689 0.234894820216433 -2.97376745015771
-0.032699999999999 -0.179305834884871 -0.264677828582754 -3.35849556456696
-0.0327999999999989 0.100076510017942 0.0654483066074095 -3.10710915023206
-0.0328999999999989 0.150548046599417 0.212552173163835 -3.03684749162282
-0.0329999999999989 -0.305816325350552 -0.324824977821926 -3.44014536128644
-0.0330999999999989 0.1940680887665 0.169724908276713 -3.03903972559563
-0.0331999999999989 -0.00489632271834086 0.025390912616335 -3.23125487623897
-0.0332999999999989 -0.167397881693305 -0.137024063994747 -3.36328612339486
-0.0333999999999988 0.191313674132161 0.169045881654428 -3.072864628592
-0.033499999999999 -0.0465794171946283 -0.0691556210677744 -3.21502969256442
-0.033599999999999 -0.193175614256417 -0.218895870195384 -3.41591667218479
-0.0336999999999989 0.118822953181256 0.0134034690726438 -3.14930938367539
-0.0337999999999989 -0.0347055222451855 0.0799043455134693 -3.22160311380051
-0.0338999999999989 0.0506870246644789 0.0600943105439196 -3.2671295618753
-0.0339999999999989 0.0458639388110376 0.00932976855325869 -3.25944108989893
-0.0340999999999989 -0.140473614485168 -0.0434737242866199 -3.33899592406737
-0.034199999999999 0.046215437471196 -0.0251568112533671 -3.20773724698233
-0.034299999999999 -0.0595630287474294 -0.0339908461310127 -3.28500606823384
-0.034399999999999 0.101420433526229 0.0927380288321095 -3.25520987060716
-0.0344999999999989 0.0036798332495466 -0.00735202843123791 -3.33892980098333
-0.0345999999999989 -0.147711786872453 -0.115159762371186 -3.479670196646
-0.0346999999999989 0.180509965716412 0.209538675075694 -3.14639100038098
-0.0347999999999989 -0.069325267978299 -0.0740398123192583 -3.35710292065028
-0.0348999999999989 -0.00317913126910864 -0.0203930637840684 -3.30487018925686
-0.0349999999999989 0.107218073209354 0.164823630399871 -3.18262849851294
-0.0350999999999988 -0.265720918317761 -0.240153657807787 -3.52126259069254
-0.035199999999999 0.0805249901477629 0.0212883273634973 -3.2964937296393
-0.035299999999999 0.114510835525865 0.206885513801043 -3.18997696432868
-0.0353999999999989 -0.321809353114107 -0.345006427303759 -3.64580237253494
-0.0354999999999989 0.303129183776792 0.176740665991219 -3.13098104007123
-0.0355999999999989 -0.0267703393533486 0.0799309384149893 -3.29294356022362
-0.0356999999999989 -0.115540325995112 -0.0643773451655046 -3.39770014543161
-0.0357999999999989 0.295462275478357 0.247345845623077 -3.1451387679656
-0.035899999999999 -0.110492259881251 -0.0772025236562971 -3.47401199804933
-0.035999999999999 -0.109213329215542 -0.0465247111403441 -3.49209503810032
-0.036099999999999 0.277567510896376 0.178087064676481 -3.21033914439081
-0.0361999999999989 -0.242744348876108 -0.316729991666539 -3.58043271403275
-0.0362999999999989 -0.0851013557167346 0.0472640867567355 -3.36824029537055
-0.0363999999999989 0.199963771307432 0.182676343910824 -3.22591933346461
-0.0364999999999989 -0.141554320554555 -0.300002916815434 -3.56390858366927
-0.0365999999999989 0.138498384838352 0.23109872563852 -3.21878211714629
-0.0366999999999988 0.0720504589404072 0.112788614501772 -3.35392228614667
-0.036799999999999 -0.218175797068292 -0.39553592013574 -3.6663176396324
-0.036899999999999 0.182853494277769 0.210008228734215 -3.21856679402459
-0.0369999999999989 0.126128457962124 0.206674953189794 -3.26630727828193
-0.0370999999999989 -0.23508318951219 -0.379004671528701 -3.6813637552436
-0.0371999999999989 0.168122221726874 0.191083437968702 -3.28260570964122
-0.0372999999999989 -0.0539229978728057 0.118777888361699 -3.47136258879738
-0.0373999999999989 -0.0166170216567012 -0.0887716958158645 -3.55712486895064
-0.037499999999999 0.178679306667306 0.0798361051635718 -3.38640885294155
-0.037599999999999 -0.169410398407317 0.0651156879877065 -3.55105764612981
-0.037699999999999 -0.0389951946615144 -0.19626665382496 -3.58611266843739
-0.037799999999999 0.277378663283022 0.149243158950894 -3.3388228402094
-0.0378999999999989 -0.0650061622751726 0.245830865974139 -3.47152908965175
-0.0379999999999989 -0.192197714676283 -0.240072625796321 -3.67420999216108
-0.0380999999999989 0.45704868995442 0.163098007246803 -3.2582916071711
-0.0381999999999989 -0.273921642447701 0.0639595313949506 -3.60251210990772
-0.0382999999999989 -0.266585039118681 -0.244826687784479 -3.74239702536482
-0.0383999999999988 0.441451814216078 0.158764387893243 -3.28451798894814
-0.038499999999999 -0.256917407105968 -0.0783420563074505 -3.74428856752829
-0.038599999999999 -0.166352495923755 0.00963117057269348 -3.60934910138092
-0.0386999999999989 0.411706068099702 0.140593646979417 -3.28812030738912
-0.0387999999999989 -0.331037914065059 -0.188148795741954 -3.8107234181104
-0.0388999999999989 -0.0181685979696678 0.101330510028798 -3.53210208091009
-0.0389999999999989 0.325055217915087 0.0878008785250675 -3.45278550377599
-0.0390999999999989 -0.207869609159704 -0.140291245434715 -3.74599148942846
-0.039199999999999 0.0794568018509032 0.209155939236221 -3.501641017301
-0.039299999999999 0.182504856606891 0.111305774182488 -3.52800255861881
-0.039399999999999 -0.0422122745271582 -0.0827935136997665 -3.67456627140572
-0.039499999999999 -0.0495652176935518 0.113809161498993 -3.57400472008374
-0.0395999999999989 0.0683857285597197 0.0850026481175623 -3.54790866755765
-0.0396999999999989 0.00191472631437855 -0.177744296235984 -3.70192025308626
-0.0397999999999989 -0.221468788321759 -0.019371657766302 -3.75833303706246
-0.0398999999999989 0.247005400974622 0.205426189457136 -3.44977165208691
-0.0399999999999989 -0.0697397992347722 -0.165804302820145 -3.74855476481542
-0.040099999999999 -0.25313785009201 -0.0871042283048268 -3.77165553199717
-0.040199999999999 0.229694194301092 0.198060039061063 -3.52234590200472
-0.040299999999999 -0.0585137903501476 -0.173083647776387 -3.82044158232676
-0.0403999999999989 -0.0677031438981608 -0.00798142228335755 -3.72287963566811
-0.0404999999999989 0.229372765522577 0.248407785522617 -3.46426469552159
-0.0405999999999989 -0.101502649797105 -0.210957763681463 -3.80774218737354
-0.0406999999999989 0.0264987372885268 0.0833884705856731 -3.63769771361597
-0.0407999999999989 0.188732050778246 0.291756772416579 -3.52535587721871
-0.040899999999999 -0.177914268111796 -0.26905925406709 -3.93971740808622
-0.040999999999999 0.0601744617559679 0.1462092761962 -3.62897187465914
-0.041099999999999 -0.0115283981620695 0.119825190565284 -3.60345474812135
-0.0411999999999989 -0.0568650748993596 -0.165064685700611 -3.82970073711437
-0.0412999999999989 0.108315749791017 0.0918101765721462 -3.6169284891789
-0.0413999999999989 -0.0847566053249657 0.0593285049726143 -3.75735876158787
-0.0414999999999989 -0.0146125642043778 -0.105968463258977 -3.79053443295861
-0.0415999999999989 0.206109457727606 0.170784001906349 -3.66578401974718
-0.0416999999999989 -0.113565537434054 -0.00879444139294865 -3.8282613609069
-0.041799999999999 -0.0427809901641075 -0.177701842212637 -3.82637525221223
-0.041899999999999 0.14172444775397 0.0942808760092173 -3.65574922054401
-0.041999999999999 -0.13997035786797 -0.0643697296966713 -3.85268623827563
-0.0420999999999989 0.0449249807978441 0.0112504214047281 -3.76409908662527
-0.0421999999999989 0.197987370576708 0.0448666224167585 -3.68252606543222
-0.0422999999999989 -0.225338665065065 -0.0738164428529429 -3.9241458881404
-0.0423999999999989 -0.0310649775869601 0.0447172250693525 -3.83707950264987
-0.0424999999999989 0.251736456452696 -0.0306443147708307 -3.6666532712226
-0.042599999999999 -0.283112058749402 -0.0471899131361328 -3.94651912292818
-0.042699999999999 0.051264000284139 0.120121540576014 -3.80220697993493
-0.042799999999999 0.221903987101632 -0.09016016421227 -3.8163733294989
-0.0428999999999989 -0.109114606940386 0.012091160271426 -3.86584067648341
-0.0429999999999989 0.0509774996344222 0.294000971835453 -3.66023996277808
-0.0430999999999989 0.112864543395929 -0.246554278967438 -3.93210203897409
-0.0431999999999989 -0.244391992280766 -0.195747959950575 -4.1036593997461
-0.0432999999999989 0.00948289944213411 0.436954900624853 -3.73061139587971
-0.0433999999999989 0.187165145137476 -0.0939041870948817 -3.85349884467421
-0.043499999999999 -0.298071419905967 -0.423094866831321 -4.19009530640877
-0.043599999999999 0.108312270957546 0.434508007442498 -3.63806366296244
-0.0436999999999989 0.0642454952306526 -0.0670326653362087 -3.86034963329076
-0.0437999999999989 -0.116277684248744 -0.309472716800309 -4.16669984781513
-0.0438999999999989 0.104091677302789 0.308909222350865 -3.7651225674355
-0.0439999999999989 0.0680197527158441 -0.051484883791558 -3.91386576585924
-0.0440999999999989 -0.142538445104698 -0.384913623667218 -4.17957733347285
-0.044199999999999 0.185449810400377 0.457791989144162 -3.60864592723487
-0.044299999999999 -0.0267392505702203 -0.00619128013377828 -3.91052887713162
-0.044399999999999 -0.0841185984023251 -0.224468201618742 -4.073694767369
-0.044499999999999 0.0790221374431076 0.270870402548452 -3.8292825684819
-0.0445999999999989 -0.128904303611853 -0.117147014054632 -4.04744240992045
-0.0446999999999989 -0.0493589353637829 -0.246082470388923 -4.12084520059645
-0.0447999999999989 0.135401789945659 0.253268678621547 -3.81794449028807
-0.0448999999999989 -0.0984148291819461 0.0319246708682513 -3.99739468513128
-0.0449999999999989 0.00961283122410262 -0.281218202877543 -4.10590042536709
-0.0450999999999988 0.130807425683832 0.24496566890623 -3.86432104677815
-0.045199999999999 -0.12928090073793 -0.000800059946136627 -4.06399949046033
-0.045299999999999 -0.0426372796977434 -0.262654441630295 -4.16132940496726
-0.0453999999999989 0.160164151978354 0.128777189164559 -3.89611586579904
-0.0454999999999989 -0.145095514662417 -0.0126257795331037 -4.08387279188384
-0.0455999999999989 -0.11938364577304 -0.221396090184005 -4.19913712924384
-0.0456999999999989 0.312360597892067 0.113331804544082 -3.90423324994782
-0.045799999999999 -0.0467632712115604 0.129324659113718 -4.03576968433116
-0.045899999999999 -0.0743304195552633 -0.226972612795403 -4.2160460381747
-0.045999999999999 0.311416806405397 0.21463565091263 -3.8172327317305
-0.046099999999999 -0.00522821487454393 0.0702496893798546 -4.03800703640069
-0.046199999999999 -0.173170285613473 -0.199154600587081 -4.22846635700202
-0.0462999999999989 0.194646818775348 0.108173709589343 -3.95231432673937
-0.0463999999999989 0.00752073755258825 0.0905688978689652 -4.04922888098112
-0.0464999999999989 -0.0491056339342364 -0.00744937913520713 -4.17188576602453
-0.0465999999999989 0.223036680699011 0.067567986665915 -4.00623850363202
-0.0466999999999989 0.0418039647093257 0.203290281240275 -3.98326163863941
-0.046799999999999 -0.147010722726403 -0.116941699565507 -4.23252201132349
-0.046899999999999 0.0941535527068527 -0.102626869441062 -4.11885677077336
-0.046999999999999 -0.0910428779119827 0.0475828009456975 -4.16061777018763
-0.0470999999999989 -0.0539723577552002 0.0373542322439822 -4.15290412792721
-0.0471999999999989 0.254044426001148 0.0811378482035356 -3.97214970400627
-0.0472999999999989 -0.0242201746558452 0.134119625373244 -4.08777911543164
-0.0473999999999989 -0.177042809687582 0.00491558914566794 -4.13820173207166
-0.047499999999999 0.35271930605484 0.153934354562181 -3.89806313515345
-0.047599999999999 -0.0179825563752622 0.0412012184673078 -4.17689938277162
-0.047699999999999 -0.312866779000564 -0.0178549514045949 -4.27885177510294
-0.047799999999999 0.314494426596321 -0.0656772736484532 -4.09383103899641
-0.047899999999999 0.222369779915302 0.18857697979623 -4.03844418856666
-0.0479999999999989 -0.440361395120514 0.00916589771352258 -4.39414098857729
-0.0480999999999989 0.283524079045635 -0.00651282742551566 -4.02958716986275
-0.0481999999999989 0.200902769664956 0.0484431097424139 -4.08143004357764
-0.0482999999999989 -0.672994590515099 -0.232088084507432 -4.6298532839479
-0.0483999999999989 0.297738913569 0.125761517854999 -4.03445795130782
-0.048499999999999 0.184399143570472 -0.0508142812956117 -4.16803499664584
-0.048599999999999 -0.390367657687638 -0.0940232090213729 -4.46600526001917
-0.048699999999999 0.288615891176559 0.276427598959798 -3.95761726662038
-0.0487999999999989 0.201543906542617 -0.0932532700719808 -4.16857945392832
-0.0488999999999989 -0.330297038819032 -0.119720682612686 -4.37530415205305
-0.0489999999999989 -0.0412727998561122 0.0574575772273407 -4.23692034233959
-0.0490999999999989 0.354277854381847 0.0726256341860259 -4.09840727803323
-0.049199999999999 -0.233454496660381 -0.106292384284876 -4.43400073018408
-0.049299999999999 -0.185919207701962 -0.0276047927337977 -4.32509637604961
-0.049399999999999 0.208172687480354 -0.00368356773376854 -4.16228090288241
-0.049499999999999 -0.109422775835547 -0.00707101648460728 -4.34546737553838
-0.049599999999999 0.0307133478462321 0.151139047086016 -4.16356540938227
-0.0496999999999989 0.0271356833653266 -0.0762965579339982 -4.3062586791995
-0.0497999999999989 -0.0443446579980487 -0.111023923776735 -4.33037399986819
-0.0498999999999989 0.00749656859833079 0.203814365730594 -4.18789981022984
-0.0499999999999989 0.147443108492001 0.00419264582889734 -4.18620315250474
-0.0500999999999989 -0.17766170615426 -0.173089034429732 -4.47694309040972
-0.050199999999999 -0.0673739511104819 0.0655890405221749 -4.30197806428431
-0.050299999999999 0.144853022498609 0.0352154917186258 -4.19602035459054
-0.050399999999999 -0.27388849032288 -0.316427311507691 -4.58838724658083
-0.0504999999999989 0.0216030130252411 0.153074465666548 -4.29526362657564
-0.0505999999999989 0.129538959232316 0.119659193626081 -4.23724694068365
-0.0506999999999989 -0.0420810005943159 -0.169425983260686 -4.39752244097319
-0.0507999999999989 -0.0838509699043823 0.0455630041226618 -4.2887885031805
-0.050899999999999 0.0344788521449761 0.11349051736063 -4.21395103332296
-0.050999999999999 -0.194943804240472 -0.292523981076649 -4.58294440900925
-0.051099999999999 -0.0100694986469424 0.0330365214281546 -4.40163605965537
-0.051199999999999 0.0920632808713541 0.296696929413175 -4.26690912853121
-0.0512999999999989 -0.11312677430269 -0.268877921308873 -4.57443297496549
-0.0513999999999989 0.0712556295759379 -0.00916730239743545 -4.35805199205151
-0.0514999999999989 0.0662069604518457 0.256214352055084 -4.27408300015609
-0.0515999999999989 -0.108428632005818 -0.256994210140524 -4.57697526847677
-0.0516999999999989 -0.184202700691397 -0.256405871966899 -4.60946461598116
-0.051799999999999 0.119433644169918 0.345925742477355 -4.25801070935564
-0.051899999999999 -0.00976141037253644 -0.0778260168171308 -4.50136119549851
-0.051999999999999 -0.0618574877940696 -0.293560629802173 -4.63265339283041
-0.052099999999999 0.117658350784548 0.29232445448943 -4.27844418010879
-0.0521999999999989 0.0671629311549993 -0.00808497952845038 -4.43613720584901
-0.0522999999999989 -0.24416391078248 -0.363519583461376 -4.72103294800122
-0.0523999999999989 0.153581466094317 0.236382602777729 -4.28006321353271
-0.0524999999999989 0.0711367125619654 0.175495817086236 -4.45288634473817
-0.052599999999999 -0.153708553818951 -0.413579465130003 -4.74347744100252
-0.052699999999999 0.215916707088649 0.336383955770269 -4.28423086131597
-0.052799999999999 0.0388779923377015 0.20606627319844 -4.44566514233284
-0.052899999999999 -0.359723628565502 -0.602137267696759 -4.91117842876
-0.0529999999999989 0.135620945126634 0.140710357821264 -4.42663543036668
-0.0530999999999989 0.0749588573485311 0.196178101137676 -4.45710803963047
-0.0531999999999989 -0.172712931489518 -0.293968572659349 -4.73043120433725
-0.0532999999999989 0.144868924988896 0.030775258432263 -4.47658890095025
-0.0533999999999989 -0.0039447829091694 0.212332925927231 -4.5148042542047
-0.053499999999999 -0.0954928983834945 -0.289451022607717 -4.71667886494531
-0.053599999999999 0.0375226547875138 0.00593376912399891 -4.61528447974553
-0.053699999999999 0.11848232462255 0.188903654400988 -4.52011259290511
-0.0537999999999989 -0.142718309302119 -0.0900076466302764 -4.66334001144396
-0.0538999999999989 -0.0381013708553266 -0.0942390182045943 -4.65580749836356
-0.0539999999999989 -0.052339885929338 0.0430101280567635 -4.61790829397822
-0.0540999999999989 0.0741249470907507 0.0381940787676723 -4.55500134541141
-0.054199999999999 -0.0148101640866544 -0.11106978745012 -4.61650187617559
-0.054299999999999 -0.0522410417777128 0.10506510958522 -4.56378464094933
-0.054399999999999 0.16774308167839 0.141286534547096 -4.52459124598083
-0.054499999999999 0.0076542442889813 0.0299050980708137 -4.61284854357561
-0.054599999999999 -0.118205442108056 -0.145736057135113 -4.77549780703283
-0.0546999999999989 0.0869690467068092 0.135538742799765 -4.48965451489591
-0.0547999999999989 0.0447501249856297 -0.0757262010121036 -4.59178400842401
-0.0548999999999989 -0.0767793148625141 -0.0205927853990979 -4.69915781130263
-0.0549999999999989 0.24369887988552 0.22238331522642 -4.45064325171654
-0.0550999999999989 -0.0145819479498128 -0.027548399117293 -4.68655332785697
-0.055199999999999 -0.14527355042018 -0.079293985259258 -4.85963862782913
-0.055299999999999 0.168106909935537 0.179413441097048 -4.61986210245133
-0.055399999999999 -0.0462481895324887 -0.0656718914054936 -4.74854487419636
-0.0554999999999989 -0.137343733174578 -0.0245647293663205 -4.74088403533055
-0.0555999999999989 0.137186277484537 0.102885326753864 -4.64540344764532
-0.0556999999999989 -0.0272951205145023 -0.108688361641717 -4.82264628770823
-0.055799999999999 -0.00085522225178977 0.0624489185197778 -4.71385098057013
-0.055899999999999 0.187987421502948 0.211109739772494 -4.51392680926425
-0.055999999999999 -0.0122048016422782 -0.174621749046562 -4.81171063049536
-0.056099999999999 -0.207685128431242 -0.0578985073951076 -4.83881229813642
-0.056199999999999 0.0977565258018245 0.122913582076225 -4.6570800698824
-0.056299999999999 0.143306432489264 -0.0429075990883694 -4.67194351630321
-0.0563999999999989 -0.199082909334018 -0.051895233494664 -4.89446614218994
-0.0564999999999989 0.0881022851786434 0.184742514090624 -4.65101133459278
-0.0565999999999989 0.0186901117308461 -0.20782794508895 -4.8086643498399
-0.0566999999999989 -0.0261851096251544 0.00213882659244889 -4.79238388490931
-0.0567999999999989 -0.0836039339011426 0.112212472833182 -4.73311805127975
-0.056899999999999 0.133775249031011 -0.147261345329576 -4.80186595066348
-0.056999999999999 -0.028431632721777 0.0787219964918962 -4.80511826123653
-0.057099999999999 -0.146046419814844 0.0938795978522092 -4.8428269561398
-0.0571999999999989 0.117739743377211 -0.0608947629431393 -4.77177576892192
-0.0572999999999989 0.128530187423822 0.0582648441495441 -4.74126947437703
-0.0573999999999989 -0.301052270963095 -0.0099838904995116 -4.94042310682796
-0.057499999999999 -0.031999430747307 -0.238165814680799 -4.99430415868064
-0.057599999999999 0.304467591630403 0.124980001775473 -4.73146201231714
-0.057699999999999 -0.19225149262297 0.17367255910537 -4.88590181474395
-0.057799999999999 -0.0796323288717293 -0.261334469430492 -5.05113213258557
-0.057899999999999 0.301529464332563 0.186189681551511 -4.64776098645213
-0.0579999999999989 -0.0612846663587982 0.132624793937044 -4.78549139156265
-0.0580999999999989 -0.280091740876692 -0.227290312210243 -5.12249613933904
-0.0581999999999989 0.33486793888934 0.0527058511999248 -4.73593927189807
-0.0582999999999989 0.0618324545258089 0.304874658344958 -4.76774163391543
-0.0583999999999989 -0.164769186639718 -0.170711981891419 -5.12356966224846
-0.0584999999999989 0.0322493569852456 -0.171356546387083 -4.99411610174506
-0.058599999999999 -0.00284336106159785 0.181381237757912 -4.82421155033407
-0.058699999999999 -0.0682158416697991 0.0157427861771522 -4.9321860946309
-0.058799999999999 0.0209351042606516 -0.157367786943443 -5.02553493495166
-0.0588999999999989 0.103043267649304 0.101285223755672 -4.93732703977621
-0.0589999999999989 -0.245594911390804 0.0555817936379362 -5.08079393805533
-0.0590999999999989 0.0628205988908236 -0.23024312590913 -5.08573015924232
-0.059199999999999 0.0991057814185951 0.21260338519349 -4.84815412290115
-0.059299999999999 -0.0830687303082056 -0.00900333069410944 -5.01864445017638
-0.059399999999999 -0.0790295774829221 -0.0728151458366973 -5.0616136633493
-0.059499999999999 0.152873136754178 -0.0757128297363712 -4.97402316369759
-0.059599999999999 -0.0603780974161105 0.277119316807927 -4.89719570575358
-0.0596999999999989 -0.0694812538639715 -0.204305196750876 -5.17359096406618
-0.0597999999999989 0.152451690165855 0.0266069727151415 -4.93825667053491
-0.0598999999999989 -0.0491957241139859 0.107721739706854 -5.01882059966607
-0.0599999999999989 -0.148280650259424 -0.0983104936015791 -5.09832742942512
-0.0600999999999989 0.0575751503965577 -0.163092991639749 -5.09994733949099
-0.060199999999999 0.0563794380920999 0.153220044454229 -5.02536671905476
-0.060299999999999 0.0491229833062589 0.115451625462983 -4.94333306227521
-0.060399999999999 0.058479127809529 -0.128756584692061 -5.04681493052641
-0.060499999999999 -0.0533547810812973 0.0717498198916986 -5.0971135656879
-0.0605999999999989 -0.0743193727222624 -0.0153644025930019 -5.10766395154885
-0.0606999999999989 -0.00352863337585095 -0.0720368646297103 -5.17675576003491
-0.0607999999999989 0.121558590138924 0.0409700519547741 -5.10146641672982
-0.060899999999999 -0.0187944192782464 0.129179970405963 -5.08274554687502
-0.060999999999999 0.114602443449069 0.00572943678577675 -5.04210660513506
-0.061099999999999 0.114417840411366 0.0709938620173727 -4.93925056486171
-0.061199999999999 -0.0706630721447371 0.0434083277541883 -5.13979341530472
-0.061299999999999 0.0494750161149403 0.0372515694328788 -5.13226506926513
-0.0613999999999989 0.0374244590396717 -0.0484952985178731 -5.25008384074352
-0.0614999999999989 -0.0467929496291892 0.0309184003694339 -5.21369390936334
-0.0615999999999989 -0.103596649328406 -0.049340332800039 -5.22491341959519
-0.0616999999999989 0.182718860607564 0.00433430077471901 -5.13113723869881
-0.0617999999999989 0.25825812257773 0.370724131552489 -4.87686533562624
-0.061899999999999 -0.186118475316598 -0.115704304331644 -5.30497874391865
-0.061999999999999 0.0300798599067254 -0.180691248355745 -5.30541252551484
-0.062099999999999 0.223603841940779 0.264684476632327 -5.03020019887221
-0.062199999999999 -0.201154405937892 -0.122377399743889 -5.38918341701931
-0.0622999999999989 -0.17006491434952 -0.267831646580502 -5.39632669526725
-0.0623999999999989 0.207705383654746 0.287877496421722 -4.98062970317523
-0.0624999999999989 0.0533720537655057 0.202569766258292 -5.08853776045426
-0.062599999999999 -0.248604373964939 -0.310260609958468 -5.48716264709464
-0.062699999999999 0.18856204390174 0.0631363774215069 -5.19293382766866
-0.062799999999999 0.191611120544659 0.471892672486614 -4.91161226529281
-0.062899999999999 -0.268457421123717 -0.441854834978029 -5.57629698183461
-0.062999999999999 -0.227550985302316 -0.311577213779187 -5.53294685261728
-0.0630999999999989 0.186450132722762 0.333856357910153 -5.0681874671185
-0.0631999999999989 0.0371324980558854 0.130678285385282 -5.24916688274723
-0.0632999999999989 -0.170842863931074 -0.498424575053829 -5.58152904517246
-0.0633999999999989 -0.0121212390496559 0.284756233896284 -5.09099831376519
-0.0634999999999989 0.280250682420683 0.273095150422557 -5.0769249605582
-0.063599999999999 -0.287812836418998 -0.366619191895269 -5.59421125826039
-0.063699999999999 -0.205424635977404 -0.194536011606518 -5.52010469074374
-0.063799999999999 0.116678825670741 0.251360686597838 -5.24241878430193
-0.0638999999999989 0.0464840216056378 -0.187783322364604 -5.4641345093392
-0.0639999999999989 -0.401356392689088 -0.294716284629148 -5.65901288374042
-0.0640999999999989 -0.0194016952920134 0.0529460540576669 -5.30528433260831
-0.064199999999999 0.278108245436492 0.200439780896163 -5.1799907704078
-0.064299999999999 -0.0959796259345886 -0.102981448059527 -5.54784738605526
-0.064399999999999 -0.232827997036279 -0.195163457499363 -5.67165268171356
-0.064499999999999 0.173545300084923 0.209471937913732 -5.19679394560178
-0.064599999999999 0.168694437574459 0.0369512253539587 -5.32061118690539
-0.064699999999999 -0.199022432160507 -0.0558214113350945 -5.53400500923368
-0.0647999999999989 0.0668143441911052 0.0244605823877282 -5.31892481251342
-0.0648999999999989 0.146386604249245 0.134377639724824 -5.30172252729172
-0.0649999999999989 -0.133810560555256 -0.0851978224654072 -5.56841440360094
-0.0650999999999989 -0.0685653173370497 -0.0503790825202759 -5.57951955957541
-0.065199999999999 0.0785179534444897 0.0296265446026333 -5.47617645306745
-0.065299999999999 -0.0711245008774509 0.0556504537225349 -5.53182578937463
-0.065399999999999 -0.217523954783886 -0.283654450707031 -5.731344015212
-0.065499999999999 0.0553506701892564 -0.0226695621498525 -5.46778640661555
-0.065599999999999 0.176986894784698 0.243032685490782 -5.31072205828445
-0.0656999999999989 -0.0496045179827648 -0.0469797813588259 -5.56034275958917
-0.0657999999999991 -0.0482864843221908 -0.204137171459692 -5.65667663705488
-0.065899999999999 0.202958528189744 0.204302556463219 -5.38113493701669
-0.065999999999999 -0.0731558047972689 0.0281288566823234 -5.59594310125697
-0.066099999999999 -0.107651642403207 -0.300700400847042 -5.73125015871115
-0.066199999999999 0.154621411017627 0.207944933942582 -5.39442893740866
-0.066299999999999 0.183401290663516 0.270483689312639 -5.3753954707519
-0.0663999999999989 -0.228442435758567 -0.391027208658568 -5.88320051127575
-0.0664999999999989 -0.0821443241378606 -0.0612692773680535 -5.68166693097306
-0.0665999999999989 0.354475146566069 0.462442062331891 -5.23171827798619
-0.0666999999999989 0.00110228829119433 -0.182798281270584 -5.74182080131928
-0.0667999999999989 -0.302324720516435 -0.29194133268692 -5.82641341201974
-0.066899999999999 -0.0207644669342098 0.241669007158566 -5.5574044250914
-0.066999999999999 0.219560218130842 0.04856564713808 -5.53556607471995
-0.067099999999999 -0.184543260297952 -0.315952986565031 -5.88153587107876
-0.067199999999999 -0.392125281798259 0.107148741309453 -5.85900029303805
-0.0672999999999989 0.497932703370957 0.167849180435741 -5.42049554166937
-0.0673999999999989 0.174758481588098 -0.0596291624008142 -5.62704904367394
-0.0674999999999991 -0.53046125953073 -0.157387269666517 -6.02230754377188
-0.067599999999999 -0.00191912341421767 -0.0200905373829933 -5.78411635944889
-0.067699999999999 0.646670043052392 0.196126354829209 -5.46920764445317
-0.067799999999999 -0.355525284676576 0.0812637994212297 -5.92778996157882
-0.067899999999999 -0.36989762531695 -0.342203470523096 -6.09884941180655
-0.067999999999999 0.314153887379356 0.0392761903025301 -5.58635941384979
-0.068099999999999 0.123139080528166 0.152649275259434 -5.60746736399985
-0.0681999999999989 -0.369843470011787 -0.0901025636978764 -5.99207855833293
-0.0682999999999989 0.112284925314469 -0.172744626312053 -5.83787613727372
-0.0683999999999989 0.0601722590582245 0.16317531173527 -5.78120408204397
-0.068499999999999 -0.156642184804777 -0.0146404559315534 -5.93127888009641
-0.068599999999999 0.0847321912999622 -0.126016104657623 -5.94628060977179
-0.068699999999999 0.111488526200912 0.0676975821050782 -5.77925747716699
-0.068799999999999 0.0357576796326529 0.236528584022138 -5.65590258259711
-0.068899999999999 0.0450299538499682 -0.135339686913488 -5.89566337908788
-0.0689999999999989 -0.0355975687373788 -0.149365193585348 -5.99554214910508
-0.0690999999999989 0.00272143416752868 0.238957088643363 -5.78268814263571
-0.0691999999999991 0.166899748180966 0.131128128774803 -5.72517321701037
-0.069299999999999 0.0582967544206596 -0.131797425496907 -5.96968766298825
-0.069399999999999 -0.0861040169563568 0.0849437310045556 -5.9101307313103
-0.069499999999999 0.217888889343456 0.220198148020718 -5.6749786330318
-0.069599999999999 0.0970542716249535 -0.111055435374482 -5.93662671556276
-0.069699999999999 -0.221452390070556 -0.0727604024632739 -6.01886243648998
-0.0697999999999989 0.106180787895187 0.230191821581978 -5.82118637721576
-0.0698999999999989 0.325856983475911 0.071579375068811 -5.75664603803407
-0.0699999999999989 -0.233258029475145 -0.0423120238223685 -6.11864053649134
-0.0700999999999989 -0.21337987253171 -0.149517162373446 -6.1410493985264
-0.0701999999999989 0.291476026717182 0.072402676018261 -5.73783118937837
-0.070299999999999 0.126577926923293 0.0970337912649533 -5.89479933721852
-0.070399999999999 -0.312980434180235 -0.0258048665313169 -6.18849579395616
-0.070499999999999 0.0248744615209824 -0.231317572911228 -6.13817593214916
-0.070599999999999 0.160839797509911 0.21207866707893 -5.90353602840903
-0.0706999999999989 0.105233792569836 0.212101290821477 -5.79760978933603
-0.0707999999999989 -0.156745843332861 -0.191059177673785 -6.08456467024314
-0.070899999999999 0.00153949127646036 -0.204384548409368 -6.0930465007528
-0.070999999999999 -0.0425985112421584 0.283242330210357 -5.91938526551695
-0.071099999999999 0.139285225222589 -0.0541911125634183 -6.09085842938719
-0.071199999999999 0.0656110147905908 0.0199395533318351 -6.07550397633688
-0.071299999999999 -0.179387840189327 -0.0549508587854413 -6.20318563628276
-0.071399999999999 0.0472679759665803 0.108875566950767 -6.02770993635241
-0.0714999999999989 0.288848900954015 0.0684306612754238 -5.93946708502585
-0.0715999999999989 -0.266245525264225 -0.0467440687527981 -6.28208940263422
-0.0716999999999989 -0.260572508722165 -0.276271281651196 -6.47276128544075
-0.0717999999999989 0.253114766230703 0.113780462597513 -6.08120563267384
-0.071899999999999 0.257682657128853 0.280224124901059 -5.98663466068327
-0.071999999999999 -0.38269158909165 -0.227027913835341 -6.47760060451657
-0.072099999999999 0.0233307734164693 -0.216822259558379 -6.26382307720328
-0.072199999999999 0.370568282670382 0.480893690468574 -5.81014594825074
-0.0722999999999989 -0.0450475608896296 0.118428960858218 -6.21341831847499
-0.0723999999999989 -0.365762931115968 -0.523972424988603 -6.68628494829137
-0.0724999999999989 0.246955228254867 0.193975945616595 -6.08747754576734
-0.072599999999999 0.420640737129656 0.577637929874184 -5.77786890810502
-0.072699999999999 -0.199891511335335 -0.3194737078868 -6.45722239347569
-0.072799999999999 -0.211812568574136 -0.396206762158487 -6.52658851045078
-0.072899999999999 0.0941163979183717 0.250107061048921 -6.1445554271842
-0.072999999999999 0.18337698326098 0.156720259218071 -6.21713917267862
-0.073099999999999 -0.0418094573278182 -0.151977062157417 -6.49423965004189
-0.0731999999999989 -0.153811674984267 -0.0303364865874121 -6.4696236278002
-0.0732999999999989 -0.0218372725496978 -0.0314472784058567 -6.34141296235905
-0.0733999999999989 0.128341840791148 0.0552797840489267 -6.28648629933628
-0.0734999999999989 -0.0209078576347835 0.0248335335043141 -6.40388333950782
-0.073599999999999 -0.0894633638186369 -0.0420366500962389 -6.45921140286166
-0.073699999999999 -0.0970084126517696 -0.170642965186036 -6.53473723006089
-0.073799999999999 0.161448462087494 0.19292135639909 -6.28298448218181
-0.073899999999999 0.00498832718178002 0.0682214626269586 -6.40472648101293
-0.0739999999999989 -0.202601190912131 -0.328329182868577 -6.69649205553805
-0.0740999999999989 0.0502612850471951 -0.0204965685709355 -6.36149370118609
-0.0741999999999991 0.210378881634616 0.363707424665068 -6.14379422904909
-0.074299999999999 -0.156212707330906 -0.178651100927491 -6.61988302104099
-0.074399999999999 -0.218124722824192 -0.350487229876638 -6.75400936106991
-0.074499999999999 -0.104824322732228 0.0331192347721641 -6.62068799063436
-0.074599999999999 0.189968291046565 0.0845659048196817 -6.36031242841452
-0.074699999999999 -0.0365994529104773 -0.180353993459477 -6.60249933953316
-0.074799999999999 -0.0113514127664393 0.148825221984205 -6.47082708488652
-0.0748999999999989 0.0658162143471863 0.105329134797224 -6.44340271444888
-0.0749999999999989 0.100420054193719 -0.129310304492128 -6.55132846387482
-0.0750999999999989 -0.175252013073149 -0.00912766491525263 -6.65930709960074
-0.0751999999999989 0.0158234749663379 -0.0671732807205351 -6.68262751441619
-0.075299999999999 0.0893212216629568 -0.0469519844488798 -6.67634717129083
-0.075399999999999 -0.110644523296469 -0.0173729292264871 -6.66956460334334
-0.075499999999999 -0.00534511351268581 0.0587291358446525 -6.63569313199593
-0.075599999999999 0.182303582200955 -0.0619259942581942 -6.60983469151383
-0.0756999999999989 -0.0993657331521599 0.0629902260357151 -6.67860418671197
-0.0757999999999989 -0.122115563999532 0.029013979895467 -6.72500851099141
-0.0758999999999991 0.228126466729476 0.0284049806103585 -6.61365680165216
-0.075999999999999 -0.0614261003591049 -0.0893492179851816 -6.76923548517853
-0.076099999999999 -0.102041808498868 0.229045399705661 -6.56735650643057
-0.076199999999999 0.18961325429557 -0.127004558663607 -6.66594370873535
-0.076299999999999 -0.102966313596573 -0.117961788921494 -6.81273315186519
-0.076399999999999 -0.0810187566294069 0.132546323766291 -6.71109795833286
-0.0764999999999989 0.230961057459069 0.0617482522280194 -6.64574856154529
-0.0765999999999989 0.103890799841071 -0.121307083889698 -6.80298114039095
-0.0766999999999989 -0.364082468697863 0.10939295551166 -6.85556797544644
-0.0767999999999989 0.121456378913022 -0.0357739163920538 -6.79356276054416
-0.076899999999999 0.328627819489599 0.0859699093490423 -6.68348152829205
-0.076999999999999 -0.221077976946731 0.102785397935052 -6.9011949381464
-0.077099999999999 -0.194737091603854 -0.149488315643493 -7.03722383049023
-0.077199999999999 0.258343827932356 -0.161704509375758 -6.88664427214658
-0.077299999999999 -0.22117804757739 0.0985078809765637 -7.0251466336696
-0.0773999999999989 -0.210763567068785 -0.148425593350757 -7.00081258152505
-0.0774999999999991 0.324794331696279 0.0724814204784319 -6.68513934820237
-0.0775999999999991 0.163802398275263 0.108433753825409 -6.79011626955386
-0.077699999999999 -0.343481581387849 -0.0122803991705067 -7.14004790253942
-0.077799999999999 0.0080899356626264 -0.315981658624487 -7.1378951671167
-0.077899999999999 0.319283621797995 0.344011762648295 -6.71676326969833
-0.077999999999999 0.1111677081893 0.328713677162432 -6.70404472788549
-0.078099999999999 -0.194814112388696 -0.267555429829133 -7.17051513384905
-0.078199999999999 0.202081351142391 -0.0168961975953116 -6.87960293669708
-0.0782999999999989 0.140280247038607 0.408003639907863 -6.82424121425619
-0.0783999999999989 0.00188078997893515 -0.0896326570628694 -7.1288498612848
-0.0784999999999989 -0.16632978490099 -0.195567022743952 -7.25523192838108
-0.078599999999999 0.0281192060858892 0.0995579394713779 -7.05517453568753
-0.078699999999999 0.00961079247557097 0.108369623839116 -7.03459360234639
-0.078799999999999 0.209083747042205 0.0151268336880347 -7.01051795036695
-0.078899999999999 0.0484449153306312 0.108039665074047 -7.09559096616131
-0.078999999999999 -0.0311605206441029 -0.0228059612751854 -7.21697792708392
-0.0790999999999989 0.0579094983379138 -0.0231782492518116 -7.11071001499038
-0.0791999999999991 0.180403367262355 0.0889437679183868 -7.02583034232399
-0.0792999999999991 0.0787649440351612 0.287587932060778 -6.93523716109623
-0.079399999999999 -0.0858229359320771 -0.127819055177036 -7.25896979347607
-0.079499999999999 -0.16765223693635 -0.248041780487735 -7.44284236257347
-0.079599999999999 0.126276576386451 0.206101332271933 -7.10266586887697
-0.079699999999999 0.0608771218484748 0.0781039510175357 -7.2682358402167
-0.079799999999999 -0.0506660048725505 -0.187889166327085 -7.38497289249703
-0.0798999999999989 -0.238351407009534 -0.0992303237488458 -7.38166786716392
-0.0799999999999989 0.165401560323194 0.119724632369814 -7.10295133212251
-0.0800999999999989 0.167114490034448 -0.0839604413077471 -7.31847892379447
-0.080199999999999 -0.286792280601833 -0.0902729886081681 -7.52464524016405
-0.080299999999999 -0.122354201113862 -0.098428993320162 -7.46545152179324
-0.080399999999999 0.185139694075407 0.0859012236593617 -7.21375694732783
-0.080499999999999 0.077833053477147 0.0951857930702687 -7.23781847237055
-0.080599999999999 -0.222840647423844 -0.0991376892080011 -7.53538556659853
-0.080699999999999 -0.0547511111546084 -0.231105178717009 -7.53923682244818
-0.0807999999999989 0.145988314252113 0.20471797963319 -7.30179968415215
-0.0808999999999991 0.219930669198498 0.338710751986308 -7.17690152148309
-0.080999999999999 -0.0602546430308931 -0.129508278639742 -7.57381091752091
-0.081099999999999 -0.284663990604175 -0.393819397538498 -7.80090278877292
-0.081199999999999 -0.0322645272402287 0.223325663996373 -7.38739944285489
-0.081299999999999 0.417959321102032 0.234516060125954 -7.15025445984101
-0.081399999999999 -0.128069933357343 -0.191200497620784 -7.70789796782297
-0.081499999999999 -0.348011376970244 -0.188223002390326 -7.79538938198005
-0.0815999999999989 0.202217007028787 0.153969898576699 -7.3482940248515
-0.0816999999999989 0.476383596363727 0.322670598838112 -7.09086178906895
-0.0817999999999989 -0.231391468085471 -0.104970022227715 -7.6897011119116
-0.0818999999999989 -0.382459593412431 -0.310372328260153 -7.92245031839192
-0.081999999999999 0.224044392027914 -0.0173390445546227 -7.50081715015087
-0.082099999999999 0.287870210118571 0.407651484510551 -7.39912542011896
-0.082199999999999 -0.115416713796479 -0.0271712252402263 -7.75115667340771
-0.082299999999999 -0.209792479438455 -0.457217352542699 -8.0350006419617
-0.0823999999999989 -0.0323595688073982 0.00170108890197971 -7.64746350304705
-0.0824999999999989 0.270064643123795 0.464475334599821 -7.33493921960078
-0.0825999999999991 0.130357674105861 -0.0573026977122293 -7.64993964525778
-0.082699999999999 -0.234124502473035 -0.265506167942481 -7.91983764024539
-0.082799999999999 -0.255618416729433 -0.0248215235825482 -7.85335160138356
-0.082899999999999 0.238846553638968 0.0842607561654458 -7.60362846331111
-0.082999999999999 0.149386084677932 -0.0211739981412525 -7.72655232302458
-0.083099999999999 -0.451909633416218 -0.0678153380650992 -7.99410518811888
-0.083199999999999 -0.0182286937171554 -0.183258154775121 -7.85035155941811
-0.0832999999999989 0.293058564673164 0.0622544809625504 -7.58494597347019
-0.0833999999999989 0.0954083243527832 0.389023164334077 -7.53847325339157
-0.0834999999999989 -0.187311000587005 -0.146110493047164 -8.02638598580789
-0.083599999999999 -0.0943988431268278 -0.520316991623938 -8.19997095704926
-0.083699999999999 -0.00142492629086798 0.331447618052822 -7.76130300470971
-0.083799999999999 0.0973866722676874 0.199756525493408 -7.69727864830895
-0.083899999999999 0.157078879085724 -0.184020601786933 -7.83865548895509
-0.083999999999999 -0.313811793952068 -0.165550964593536 -8.12136533524158
-0.0840999999999989 -0.15760886747217 0.126287321516736 -7.99648192528833
-0.0841999999999989 0.411857360848522 -0.0416452802712386 -7.79982599208427
-0.0842999999999991 0.0804780455667153 0.165247352144558 -7.88204052818291
-0.084399999999999 -0.4477543122658 -0.171203074340941 -8.27230725964721
-0.084499999999999 -0.0130420862485029 -0.28044657769748 -8.15865711631107
-0.084599999999999 0.345314067202292 0.259783826740934 -7.75265042419012
-0.084699999999999 0.0828225200618409 0.319146091562806 -7.79688391234374
-0.084799999999999 -0.0966114925358678 -0.236157147551558 -8.20364375376684
-0.0848999999999989 -0.0504254207824816 -0.169330230846627 -8.22194036544482
-0.0849999999999989 0.00300780314492859 0.182997721252176 -8.0074709197529
-0.0850999999999989 0.18800795879664 0.122988610940415 -7.95269805894805
-0.0851999999999989 -0.046263172367013 -0.11860406279701 -8.10338994108218
-0.085299999999999 -0.100367258902131 -0.00729305944531331 -8.12266671310769
-0.085399999999999 0.097808816225433 0.123160590205 -8.00611177641054
-0.085499999999999 0.0922558018406469 -0.0610432758104225 -8.22031585015819
-0.085599999999999 -0.16544732434193 -0.0148253754396866 -8.33039485401008
-0.085699999999999 0.168454704099263 0.0291510426911294 -8.08945077385983
-0.0857999999999991 0.192042323969365 0.217862168990886 -8.0740009323483
-0.0858999999999991 0.0437554300974955 0.0950169916201141 -8.1706123745662
-0.0859999999999991 -0.321792593358477 -0.342172384714608 -8.54343182305784
-0.086099999999999 0.00932887003957217 -0.0586323912624446 -8.29736538100562
-0.086199999999999 0.137830457867209 0.21762271144808 -8.15569680244732
-0.086299999999999 0.0851963355138291 0.123021164371187 -8.20113327042596
-0.086399999999999 -0.133658270223958 -0.256586366788899 -8.463188495625
-0.086499999999999 -0.236993865036085 -0.179459116050151 -8.54225722706829
-0.086599999999999 0.268589098789178 0.279864550815714 -8.14814279605952
-0.0866999999999989 0.294037172556561 0.247196883032874 -8.23826567245947
-0.0867999999999989 -0.214732654057697 -0.291428434297986 -8.68840290796232
-0.086899999999999 -0.589929843402891 -0.407142509957909 -8.85595740074211
-0.086999999999999 0.277014244565191 0.0639724155317192 -8.2120548518854
-0.087099999999999 0.373560840313739 0.461464932734969 -8.08132450676737
-0.087199999999999 -0.00827549049221254 0.0267709156328647 -8.49560966321081
-0.087299999999999 -0.248131667217771 -0.342084676659197 -8.69218411243832
-0.087399999999999 -0.142526905726256 -0.0887328488614129 -8.6090334548111
-0.0874999999999991 0.354207970179925 0.363556482026591 -8.25753975582737
-0.0875999999999991 0.0594171686291519 0.088740047279008 -8.50981347483682
-0.0876999999999991 -0.402403446693676 -0.517781186934936 -8.90731920633472
-0.087799999999999 -0.338406468923148 -0.228867346374259 -8.76404332418011
-0.087899999999999 0.370127954350919 0.387222643494457 -8.24771070628403
-0.087999999999999 0.330992554509121 0.394577508638535 -8.21539115193175
-0.088099999999999 -0.335721337659548 -0.355023260466144 -8.97768524354227
-0.088199999999999 -0.342421856059979 -0.302995711439822 -9.0259116126147
-0.0882999999999989 0.223940353165734 0.186489162044415 -8.58473430911881
-0.0883999999999989 0.46413326566204 0.410968384459799 -8.30015503026935
-0.0884999999999989 -0.212701735966046 -0.146109247553072 -8.82040903820124
-0.088599999999999 -0.469359797030094 -0.518852920864917 -9.18785875614449
-0.088699999999999 -0.00657311458312165 0.114406454635823 -8.79324065785117
-0.088799999999999 0.394571695553345 0.323783069026828 -8.45621877372653
-0.088899999999999 -0.0880543415872213 0.0980926101791475 -8.83562089471239
-0.088999999999999 -0.171101628989335 -0.362229546347341 -9.06463967404733
-0.089099999999999 -0.0326648655438395 -0.00692741853929813 -8.86437797519391
-0.0891999999999991 0.209390671535802 0.230137253923863 -8.66631152175428
-0.0892999999999991 0.0423287533146131 0.0455748815240902 -8.87181681092952
-0.089399999999999 0.0397430330243804 -0.0164175351273862 -8.91606116594619
-0.089499999999999 -0.213275148105159 -0.154473104355359 -9.0844873786399
-0.089599999999999 -0.0370197034506217 -0.0312255322086673 -9.03457578433568
-0.089699999999999 0.272792603202176 0.180847652474994 -8.67042007675252
-0.089799999999999 -0.0694288497552728 0.0559083688526104 -8.98545197026182
-0.089899999999999 6.60011204641627e-06 -0.0765254803671001 -9.01360443932506
-0.0899999999999989 -0.100321042151528 -0.00481883796421195 -9.08458072277335
-0.0900999999999989 -0.0143574416645424 -0.108637546076691 -9.20379319545211
-0.0901999999999989 -0.0134948078426261 0.138045530902683 -9.09359288309507
-0.090299999999999 -0.0257047571968782 -0.168480405200328 -9.14048693492245
-0.090399999999999 -0.0804623537005947 -0.0550892538429219 -9.12871409637905
-0.090499999999999 0.103443517786576 0.124859320683502 -8.91904447351899
-0.090599999999999 0.21454217824139 0.155566986520022 -8.88944303232064
-0.090699999999999 -0.0361791672062271 0.0442699264128648 -9.09946352051442
-0.090799999999999 -0.0845705008484293 -0.214416188054158 -9.28993433007507
-0.0908999999999991 -0.215501661365112 0.114365543029933 -9.2161755847083
-0.0909999999999991 0.346263003908713 0.105247062724634 -8.95011242607416
-0.091099999999999 0.128529181749466 0.217846522926377 -9.02312254086468
-0.091199999999999 -0.26848860779509 -0.250559135158935 -9.4363707956125
-0.091299999999999 -0.191060930644447 -0.241552795788478 -9.44914409712801
-0.091399999999999 0.293915250504461 0.319210846429733 -8.96919143097053
-0.091499999999999 0.454893635021431 0.388238221606468 -8.92196707540197
-0.091599999999999 -0.230163937742795 -0.0108976109805708 -9.35922251207444
-0.0916999999999989 -0.393116816820121 -0.657934418024865 -9.78621205287978
-0.0917999999999989 -0.169815154935885 0.0235554636152097 -9.42563782010098
-0.0918999999999991 0.340939338283715 0.363390674600458 -9.03877896449325
-0.091999999999999 0.210547467530549 0.168286410669829 -9.23707587930556
-0.092099999999999 -0.194802561725562 -0.29469221400997 -9.63887702681693
-0.092199999999999 -0.136531791515392 0.0403699584677814 -9.46074741213685
-0.092299999999999 0.0718454301676111 0.0330617546526903 -9.37893159833793
-0.092399999999999 0.100019472952204 -0.14672287371209 -9.43385781687933
-0.0924999999999989 -0.114579111409302 0.149348787209186 -9.45058054837694
-0.0925999999999991 0.183722028592615 0.0897312511523205 -9.34554956920205
-0.0926999999999991 0.176481170768848 0.0746010569060817 -9.38395493012836
-0.092799999999999 -0.0977195432199658 -0.0820208773286992 -9.6136608091979
-0.092899999999999 -0.130676120469103 0.050935211878652 -9.59416832332704
-0.092999999999999 0.19838810611781 -0.0887744458341442 -9.54974777949155
-0.093099999999999 -0.164112162447393 -0.0674297440230644 -9.69140922370115
-0.093199999999999 -0.127661825782943 0.114028076462425 -9.58361726029597
-0.093299999999999 0.221270725422606 -0.0159903704780904 -9.59522117270733
-0.0933999999999989 0.376285298818409 0.288457740039553 -9.35847121800155
-0.0934999999999989 -0.117577115029179 0.142962597329079 -9.59578027884326
-0.093599999999999 -0.490968987675883 -0.609704949556224 -10.1914824995036
-0.093699999999999 0.020055890244734 -0.243182062864358 -9.84821646194447
-0.093799999999999 0.442077407042048 0.762882657215184 -9.19880589420527
-0.093899999999999 0.232675479999036 0.350673320670885 -9.48155228664504
-0.093999999999999 -0.373111230308815 -0.798451759455298 -10.3732093566395
-0.094099999999999 -0.539444477348648 -0.293226075392821 -10.2697625312457
-0.0941999999999989 0.280708433704009 0.437815989017272 -9.56167275276722
-0.0942999999999991 0.625535257376473 0.381596445176904 -9.3700608825973
-0.0943999999999991 -0.20303873144143 -0.230262076817018 -9.9969432608358
-0.094499999999999 -0.488162494870641 -0.220755797523967 -10.1845357034726
-0.094599999999999 0.119262773790823 0.0169636017105736 -9.84644572027286
-0.094699999999999 0.381157566163829 0.239018404788938 -9.64754817655422
-0.094799999999999 0.0772098362971384 0.228983195782492 -9.82966408889781
-0.094899999999999 -0.20427566414423 -0.211745117328472 -10.1994622373009
-0.0949999999999989 0.0317145632309558 -0.149276079808299 -10.0452747764987
-0.0950999999999989 0.0567177876780591 0.280285035179745 -9.81589177332176
-0.0951999999999989 0.00271030281510649 -0.0274980309448042 -10.0410402974421
-0.0952999999999991 -0.131945461278315 -0.174805186950978 -10.2198071944076
-0.095399999999999 0.134542552591641 0.12535907305867 -9.9807617052467
-0.095499999999999 0.0935812511940024 0.28164552606645 -9.92838857990383
-0.095599999999999 0.055634368571119 -0.135205402224057 -10.1399916567344
-0.095699999999999 -0.207947060093935 -0.269738690138263 -10.396641470785
-0.095799999999999 -0.232319697010277 -0.0225174384638113 -10.2729363535562
-0.0958999999999989 0.294051918784221 0.1548309395433 -9.94043312585755
-0.0959999999999991 0.249545505217179 0.178592199652989 -10.0053775221067
-0.0960999999999991 -0.0030176702271204 0.003360148012949 -10.2477220467205
-0.096199999999999 -0.0983328445781167 0.0546876937263711 -10.2560521144004
-0.096299999999999 0.107688219584714 -0.149051423097212 -10.2134979478112
-0.096399999999999 -0.0881080788193905 0.00838087993549204 -10.272452169148
-0.096499999999999 -0.0189912630092568 0.072107279606099 -10.2521432096417
-0.096599999999999 0.153149994798383 0.0299634496594422 -10.2866221432671
-0.096699999999999 0.133451243339528 0.119018760886524 -10.2787207292095
-0.0967999999999989 -0.188696745760261 -0.121157422639591 -10.5798411003782
-0.0968999999999989 -0.11187669672304 -0.121588264877439 -10.5330735091664
-0.096999999999999 0.118923007526424 0.10418314985072 -10.2999473448039
-0.097099999999999 0.332997595611596 0.346725751326464 -10.027717647266
-0.097199999999999 -0.420192342519241 -0.287150843903215 -10.7322429022587
-0.097299999999999 -0.455572797479647 -0.693408996257657 -11.0016995049577
-0.097399999999999 0.0209277301905473 0.146447047514331 -10.4224837615855
-0.0974999999999991 0.638453690201485 0.645939282707343 -9.93884267254074
-0.0975999999999991 0.217985451940878 0.145552910665421 -10.3334384793443
-0.0976999999999991 -0.62294771636805 -0.698126655029914 -11.1313265021965
-0.0977999999999991 -0.326853255494225 -0.312743169255928 -10.8827802336876
-0.097899999999999 0.284040811955435 0.380117445205599 -10.3271272037785
-0.097999999999999 0.392217467339475 0.244908982340686 -10.2923989095974
-0.098099999999999 -0.126634394072252 -0.0558302249449029 -10.6611237368254
-0.098199999999999 -0.263760551711665 -0.189751827771188 -10.8386020913367
-0.098299999999999 -0.0339360579326494 -0.13599357889245 -10.7555792859159
-0.0983999999999989 0.163640996441333 0.214431039761424 -10.5161650290955
-0.0984999999999989 0.0968741855347412 0.106021217498168 -10.5736173276662
-0.0985999999999991 -0.105012787657645 -0.0561789039766088 -10.7874959570827
-0.098699999999999 -0.08569911110001 -0.161429414471789 -10.7697184129996
-0.098799999999999 -0.0661485107434152 -0.0953055330280946 -10.8002353880429
-0.098899999999999 -0.157093143251998 -0.00155468538763248 -10.8281092585823
-0.098999999999999 0.100736313893379 -0.0178106919485768 -10.7651069940727
-0.099099999999999 0.188923937648472 0.212339562652027 -10.6439814560084
-0.0991999999999991 0.0806163992110753 0.0852760272853889 -10.7564525325823
-0.0992999999999991 -0.186708778523347 -0.167134812471796 -10.9487092834405
-0.0993999999999991 -0.204692221019928 -0.242689386048557 -11.0861213368456
-0.099499999999999 0.063439093011557 -0.00138570139034856 -10.9355079134968
-0.099599999999999 0.0866069069347963 0.253172889226646 -10.8076390280843
-0.099699999999999 0.0871060693813329 -0.0382430686506062 -10.9051882975186
-0.099799999999999 -0.384146649951368 -0.388848133712074 -11.3541360577763
-0.099899999999999 -0.00760327531106336 0.01346879827285 -10.9529232611134
-0.099999999999999 0.377342128819902 0.312616953175401 -10.6162653330502
